alabeach.asc
ncols         102
nrows         104
xllcorner     619627
yllcorner     2354273
cellsize      1
NODATA_value  -9999
[rows 0 to 37 of 104, columns 0 to 84 of 102]
-9999 -9999 -9999 -9999 -9999 -9999 -9999 -9999 -9999 -9999 -9999 -9999 -9999 -9999 -9999 -9999 -9999 -9999 -9999 -9999 -9999 -9999 -9999 -9999 -9999 -9999 -9999 -9999 -9999 -9999 -9999 -9999 -9999 -9999 -9999 -9999 -9999 -9999 -9999 -9999 -9999 -9999 -9999 -9999 -9999 -9999 -9999 -9999 -9999 -9999 -9999 -9999 -9999 -9999 -9999 -9999 -9999 -9999 -9999 -9999 -9999 -9999 -9999 -9999 -9999 -9999 -9999 -9999 -9999 -9999 -9999 -9999 -9999 -9999 -9999 -9999 -9999 -9999 -9999 -9999 -9999 -9999 -9999 -9999 -9999
-9999 1.22 1.07 1.16 1.13 1.29 1.03 1.15 1.22 1.12 1.04 1.12 1.18 1.03 0.91 1.06 0.99 0.8 0.81 0.88 1.08 1.36 1.25 1.14 1.19 1.16 1.1 0.96 1.05 1.18 1.3 1.06 0.98 1.14 1.03 1.2 1.43 1.36 1.17 0.95 1.24 1.37 1.29 1.33 1.15 1.07 1.09 1.14 1.18 1.2 1.23 1.27 1.3 1.33 1.35 1.37 1.37 1.4 1.45 1.47 -9999 -9999 -9999 -9999 -9999 -9999 -9999 -9999 -9999 -9999 -9999 -9999 -9999 -9999 -9999 -9999 -9999 -9999 -9999 -9999 -9999 -9999 -9999 -9999 -9999
-9999 1.06 1.09 1.09 0.94 1.2 1.2 1.22 1.24 1.02 0.92 1.1 1.14 1.13 1.06 1.12 1.11 1.1 1.19 1.28 1.43 1.46 1.35 1.32 1.33 1.22 1.13 1 1.05 1.16 1.31 1.28 1.14 1.18 1.07 0.95 1.21 1.34 1.22 0.87 1 1.15 1.1 1.21 1.21 1.14 1.08 1.12 1.16 1.19 1.22 1.26 1.29 1.32 1.34 1.37 1.39 1.42 1.44 1.46 1.48 1.52 1.54 1.56 1.6 1.62 1.65 1.69 1.73 1.74 1.77 1.81 1.69 1.5 5.1 4.7 2.86 1.85 1.84 1.88 1.91 1.93 1.97 2 2.03
-9999 1.28 1.29 1.01 0.92 1.1 1.23 1.29 1.11 0.86 0.92 1.05 1.08 0.97 0.96 1.09 1.08 1.16 1.25 1.33 1.4 1.41 1.32 1.29 1.34 1.22 1.06 0.9 1.06 1.19 1.32 1.33 1.37 1.43 1.44 1.36 1.21 1.17 1.18 0.9 0.81 0.89 0.85 0.9 1.19 1.17 1.11 1.09 1.14 1.17 1.2 1.25 1.29 1.31 1.33 1.36 1.39 1.42 1.43 1.45 1.49 1.51 1.51 1.54 1.58 1.61 1.64 1.69 1.74 1.74 1.76 1.81 1.95 2.93 5.08 5.16 3.73 1.87 1.86 1.87 1.89 1.94 1.96 1.99 2.03
-9999 1.13 1.28 0.97 1.08 1.27 1.28 1.33 1.21 0.85 0.92 0.98 1.05 0.85 0.79 1.02 1.02 1.03 1.07 1.12 1.27 1.28 0.94 0.89 1.2 1.26 1.17 1.2 1.15 1.28 1.26 1.1 1.17 1.4 1.41 1.36 1.23 1.17 1.14 1.1 1.18 1.14 1.01 0.94 1.14 1.17 1.14 1.12 1.14 1.18 1.21 1.24 1.28 1.32 1.33 1.35 1.38 1.41 1.43 1.46 1.5 1.5 1.5 1.55 1.58 1.61 1.65 1.69 1.74 1.75 1.76 1.78 1.89 2.03 4.14 4.6 4.51 2.33 1.86 1.86 1.9 1.95 1.96 1.99 2.04
-9999 1.03 1.23 1.13 1.15 1.28 1.27 1.15 1.37 0.96 1.01 1.03 1.07 1.03 1.16 1.22 1.06 1.04 1.14 1.17 1.31 1.28 1.02 1.01 1.2 1.06 0.94 0.72 0.97 1.42 1.39 1.19 1.37 1.38 1.39 1.36 1.25 1.31 1.32 0.98 1.24 1.32 1.31 1.21 1.03 0.94 1.09 1.11 1.14 1.17 1.19 1.22 1.26 1.28 1.29 1.34 1.38 1.41 1.44 1.47 1.49 1.5 1.53 1.56 1.58 1.62 1.67 1.7 1.74 1.76 1.76 1.78 1.81 1.86 2.07 2.54 2.89 1.86 1.85 1.87 1.93 1.95 1.95 2 2.05
-9999 1.06 1.24 1.27 1.17 1.2 1.07 0.71 1.17 0.97 1.09 1.1 1.05 1.12 1.18 1.21 1.24 1.34 1.41 1.32 1.36 1.32 1.24 1.22 1.11 0.94 0.93 0.87 1 1.29 1.37 1.46 1.44 1.42 1.44 1.29 1.24 1.31 1.4 0.89 1.05 1.28 1.2 1.26 1.07 0.78 1 1.12 1.15 1.16 1.18 1.22 1.26 1.29 1.33 1.37 1.37 1.37 1.41 1.44 1.48 1.5 1.53 1.55 1.57 1.63 1.68 1.72 1.74 1.76 1.78 1.79 1.83 1.86 1.84 1.83 1.86 1.85 1.84 1.89 1.94 1.93 1.96 2.01 2.05
-9999 1.24 1.25 1.34 1.2 1.18 1.34 0.85 1.08 0.91 0.92 1.15 1.02 1.07 0.96 0.74 0.97 1.25 1.2 1.15 1.32 1.43 1.33 1.21 1.12 1.1 1.11 0.97 1.05 1.21 1.34 1.48 1.47 1.45 1.42 1.4 1.36 1.29 1.42 1.21 1.14 1.33 1.17 1.21 1.28 1.1 1.01 1.12 1.15 1.16 1.2 1.24 1.26 1.29 1.33 1.36 1.37 1.38 1.41 1.44 1.47 1.48 1.51 1.53 1.59 1.65 1.7 1.74 1.76 1.78 1.8 1.82 1.85 1.84 1.83 1.84 1.84 1.84 1.85 1.91 1.92 1.92 1.97 2 2.04
-9999 1.45 1.36 1.32 1.14 1.07 1.38 1.28 1.23 1.03 0.91 1.22 1.13 1.02 0.83 0.69 0.85 1.01 0.94 1.1 1.33 1.26 1.15 0.7 0.77 1.04 1.04 0.73 1.01 1.29 1.4 1.17 1.23 1.2 1.34 1.54 1.62 1.49 1.5 1.41 1.29 1.39 1.07 0.76 1.06 1.15 1.09 1.15 1.14 1.16 1.2 1.23 1.25 1.28 1.33 1.35 1.37 1.39 1.42 1.44 1.47 1.49 1.52 1.55 1.61 1.65 1.69 1.74 1.77 1.79 1.81 1.83 1.84 1.83 1.83 1.83 1.84 1.84 1.87 1.89 1.9 1.93 1.96 1.99 2.02
-9999 1.35 1.4 1.32 1.15 1 1.12 1.16 1.34 1.27 1.09 1.16 1.1 1.01 0.99 0.94 0.95 1 0.95 1.03 1.16 1.11 1.23 0.75 0.54 0.8 1.37 1.29 1.38 1.29 0.82 0.87 1.07 1.02 1.07 1.18 1.33 1.42 1.52 1.51 1.51 1.49 1.16 0.77 1.12 1.11 1.12 1.17 1.17 1.17 1.21 1.25 1.27 1.29 1.32 1.34 1.36 1.39 1.41 1.44 1.47 1.51 1.54 1.58 1.62 1.65 1.68 1.73 1.76 1.78 1.81 1.82 1.83 1.83 1.83 1.81 1.8 1.83 1.86 1.85 1.88 1.94 1.96 1.98 2.04
-9999 1.16 1.27 1.39 1.24 1.09 1.05 1.21 1.45 1.32 1.1 1.26 1.29 1.41 1.31 1.17 1.21 1.3 1.15 1.01 1.01 1.03 1.26 1.23 0.94 0.92 1.42 1.37 1.38 1.36 1.24 1.21 1.14 1.07 1.06 0.93 0.92 1.08 1.31 1.3 1.42 1.43 1.27 1.28 1.29 1.06 1.03 1.17 1.19 1.17 1.2 1.23 1.26 1.28 1.32 1.35 1.38 1.39 1.41 1.4 1.44 1.5 1.54 1.59 1.61 1.64 1.66 1.71 1.75 1.78 1.8 1.83 1.83 1.84 1.83 1.8 1.81 1.84 1.86 1.86 1.87 1.92 1.95 1.97 2.01
-9999 1.22 1.22 1.34 1.27 1.18 1.17 1.29 1.44 1.16 0.94 1.1 1.3 1.35 1.19 1.18 1.48 1.42 1.27 1.17 1.1 1.06 1.12 1.18 1.21 1.26 1.2 1.09 1.12 1.18 1.21 1.19 1.21 1.13 1.18 1.2 1.19 1.12 1.26 1.16 1.09 1.19 1.21 1.35 1.32 1.17 1.06 1.07 1.08 1.12 1.17 1.22 1.26 1.27 1.31 1.35 1.38 1.4 1.42 1.43 1.44 1.49 1.54 1.57 1.59 1.62 1.66 1.67 1.72 1.77 1.8 1.83 1.84 1.85 1.82 1.8 1.82 1.84 1.86 1.87 1.87 1.91 1.94 1.97 2.02
-9999 1.33 1.16 1.23 1.25 1.16 1.41 1.36 1.36 1.12 0.82 1.1 1.31 1.2 1.07 1.1 1.28 1.28 1.25 1.35 1.13 0.99 1.09 1.2 1.05 1.09 1.25 1.16 1.17 1.11 1.2 1.31 1.26 1.15 1.11 1.15 1.33 1.29 1.31 1.24 1.05 1.01 0.79 1.11 1.29 1.13 0.96 1.06 1.11 1.14 1.18 1.23 1.26 1.26 1.31 1.35 1.37 1.39 1.43 1.45 1.46 1.49 1.53 1.56 1.6 1.66 1.67 1.67 1.71 1.77 1.8 1.82 1.84 1.82 1.8 1.81 1.83 1.83 1.84 1.85 1.88 1.92 1.94 1.98 2.04
-9999 1.34 1.12 1.06 1.16 1.34 1.67 1.33 1.25 1.27 1.17 1.37 1.35 1.18 1.08 1.06 1.1 1.14 1.34 1.45 1.18 0.77 0.6 1.01 1.12 1.14 1.29 1.42 1.47 1.24 1.26 1.48 1.26 1.14 1.1 1.02 1.23 1.11 0.87 1.29 1.11 0.9 0.66 0.9 1.2 1.04 0.89 0.99 1.09 1.13 1.16 1.2 1.23 1.27 1.31 1.35 1.38 1.41 1.43 1.45 1.47 1.5 1.53 1.56 1.59 1.62 1.65 1.68 1.72 1.76 1.79 1.83 1.84 1.83 1.83 1.83 1.82 1.82 1.85 1.87 1.9 1.93 1.94 1.98 2.04
-9999 1.2 1.07 1.07 1.17 1.47 1.65 1.28 1.29 1.37 1.37 1.41 1.32 1.25 1.16 1.02 1.09 1.26 1.49 1.44 1.25 0.87 0.43 0.97 1.25 1.35 1.25 1.22 0.9 0.64 1 1.41 1.28 1.25 1.27 1.22 1.33 1.06 0.76 1.05 1.14 0.99 0.81 0.81 1.05 1.17 1 0.92 1.05 1.11 1.14 1.17 1.21 1.27 1.3 1.34 1.38 1.41 1.41 1.42 1.48 1.51 1.54 1.57 1.6 1.62 1.64 1.68 1.71 1.75 1.79 1.84 1.85 1.85 1.85 1.84 1.81 1.82 1.86 1.88 1.91 1.93 1.95 1.97 2.04
-9999 1.13 1.19 1.28 1.15 1.51 1.5 1.46 1.46 1.47 1.4 1.39 1.32 1.42 1.35 1.06 1.02 1.05 1.19 1.21 1.04 0.89 1 1.12 1 1.16 1.22 1.17 1.07 0.7 0.91 1.18 1.33 1.34 1.28 1.25 1.34 1.29 1.22 1.06 1.1 1.12 1.07 0.75 0.72 0.94 1.04 1.07 1.08 1.11 1.13 1.17 1.22 1.27 1.29 1.31 1.37 1.41 1.41 1.43 1.49 1.53 1.56 1.58 1.6 1.61 1.65 1.69 1.71 1.74 1.78 1.82 1.84 1.87 1.87 1.83 1.81 1.83 1.85 1.87 1.89 1.91 1.95 1.98 2.03
-9999 1.12 1.38 1.14 1.17 1.37 1.43 1.32 1.25 1.32 1.34 1.34 1.23 1.26 1.51 1.26 0.96 1 1.06 1.18 1.29 1.19 1.17 1.22 1.01 1.08 1.24 1.25 1.27 0.87 1.16 1.46 1.29 1.3 1.17 1.14 1.36 1.29 1 0.77 0.83 1.12 1.21 0.88 0.78 0.98 1.08 1.11 1.12 1.13 1.16 1.19 1.24 1.28 1.3 1.35 1.4 1.41 1.43 1.45 1.48 1.52 1.54 1.55 1.58 1.61 1.67 1.69 1.71 1.76 1.79 1.79 1.83 1.92 1.88 1.82 1.82 1.84 1.83 1.83 1.86 1.89 1.94 1.98 2.03
-9999 1.12 1.41 0.94 0.96 1.38 1.43 1.37 1.34 1.34 1.3 1.24 1.01 0.97 1.27 1.4 1.07 1.02 1.12 1.26 1.35 1.26 1.17 1.26 1.28 1.27 1.27 1.23 1.27 1.18 1.43 1.39 1.15 1.04 0.91 1.18 1.33 1.24 1.07 0.78 0.68 1.02 0.96 0.95 1.04 1.08 1.1 1.12 1.12 1.13 1.15 1.21 1.26 1.27 1.3 1.35 1.38 1.39 1.43 1.45 1.47 1.5 1.53 1.54 1.55 1.61 1.66 1.68 1.73 1.78 1.79 1.8 1.81 1.89 1.87 1.83 1.83 1.83 1.82 1.85 1.87 1.89 1.92 1.97 2.02
-9999 1.13 1.11 0.78 1.06 1.34 1.31 1.34 1.38 1.3 1.23 1.05 0.86 0.95 1.08 1.22 1.18 1.09 1.19 1.29 1.25 1.16 1.1 1.12 1.17 1.19 1.18 1.18 1.24 1.43 1.59 1 1.08 1.14 1 1.23 1.25 1.22 1.22 1.05 0.66 0.75 0.61 0.84 1.11 1.12 1.12 1.14 1.14 1.14 1.16 1.22 1.24 1.26 1.31 1.35 1.36 1.39 1.42 1.45 1.48 1.5 1.52 1.53 1.56 1.61 1.65 1.67 1.75 1.79 1.79 1.81 1.82 1.83 1.85 1.84 1.83 1.82 1.82 1.85 1.88 1.9 1.94 1.98 2.02
-9999 1.01 0.87 1 1.28 1.17 1.1 1.37 1.28 1.02 1.12 1.16 0.98 0.94 0.76 0.8 1.11 1.09 1.21 1.27 1.28 1.08 0.94 1.1 1.13 1.19 1.11 1.08 1.18 1.28 1.5 0.98 1.17 1.29 1.26 1.28 1.26 1.25 1.24 1.18 0.89 1.04 0.87 0.58 0.84 1.09 1.15 1.19 1.16 1.15 1.18 1.2 1.22 1.26 1.32 1.33 1.35 1.38 1.41 1.43 1.45 1.47 1.5 1.54 1.57 1.61 1.66 1.69 1.75 1.77 1.79 1.82 1.83 1.85 1.84 1.83 1.83 1.83 1.83 1.83 1.86 1.91 1.95 1.98 2.04
-9999 0.88 0.74 0.89 1.03 1.35 1.52 1.76 1.2 0.59 0.91 1.25 1.05 1.08 0.9 0.62 0.94 1.03 1.12 1.22 1.16 0.92 0.9 1.16 1.26 1.32 0.96 0.82 0.93 1.25 1.35 1.45 1.54 1.2 1.22 1.31 1.31 1.3 1.29 1.21 1.17 1.2 0.95 0.63 0.86 1.08 1.17 1.16 1.13 1.15 1.18 1.18 1.21 1.26 1.29 1.32 1.37 1.39 1.4 1.43 1.46 1.48 1.5 1.56 1.59 1.6 1.65 1.69 1.73 1.76 1.79 1.82 1.84 1.85 1.85 1.83 1.81 1.83 1.85 1.84 1.86 1.91 1.94 1.97 2.05
-9999 1.07 0.85 0.55 0.62 1.02 1.5 1.4 1.12 0.57 0.67 1.05 0.93 1.25 1.41 0.97 0.91 1.1 0.99 1.11 0.89 0.69 0.9 1.13 1.31 1.44 1.2 0.97 0.78 1.29 1.33 1.07 1.39 1.12 1.12 1.29 1.43 1.39 1.37 1.15 0.69 0.6 0.64 0.86 1.07 1.12 1.2 1.2 1.14 1.13 1.17 1.18 1.22 1.26 1.28 1.32 1.37 1.39 1.4 1.43 1.46 1.49 1.51 1.55 1.59 1.6 1.63 1.68 1.73 1.76 1.79 1.81 1.83 1.85 1.85 1.82 1.81 1.83 1.83 1.84 1.87 1.9 1.91 1.97 2.04
-9999 1.31 1.2 0.86 0.5 0.86 1.34 1.41 1.08 0.55 0.65 0.82 0.76 0.83 1.34 1.34 1.41 1.31 0.93 0.74 0.53 0.78 0.99 1.12 1.22 1.13 1.52 1.44 1 1.26 1.49 1.13 1.21 1.26 1.19 1.37 1.55 1.44 1.27 1.1 0.79 0.69 0.82 1.08 1.2 1.22 1.18 1.19 1.15 1.11 1.16 1.2 1.23 1.26 1.28 1.32 1.37 1.4 1.42 1.44 1.46 1.48 1.51 1.53 1.57 1.6 1.64 1.69 1.74 1.77 1.79 1.81 1.83 1.85 1.83 1.81 1.82 1.82 1.82 1.85 1.9 1.89 1.92 1.98 2.03
-9999 1.28 1.08 0.81 0.6 0.96 1.15 1.32 1.17 0.71 0.51 0.71 0.81 0.77 1.02 1.42 1.46 1.27 1.03 0.9 0.58 0.91 1.03 1.13 0.96 0.63 1.27 1.38 1.13 1.1 1.51 1.43 1.38 1.39 1.31 1.37 1.45 1.25 0.92 0.7 1.17 1.1 0.92 1.04 1.18 1.19 1.1 1.11 1.14 1.13 1.16 1.19 1.23 1.26 1.28 1.31 1.38 1.4 1.4 1.42 1.44 1.47 1.5 1.53 1.56 1.6 1.64 1.69 1.76 1.81 1.8 1.81 1.83 1.85 1.85 1.83 1.81 1.81 1.82 1.87 1.89 1.88 1.92 1.98 2.02
-9999 1.39 0.92 0.69 0.68 0.78 0.94 1.01 1.16 0.99 0.58 0.82 1.02 1.04 0.92 1.15 1.36 1.24 1.23 1.3 1.17 1.14 1.05 1.09 1.16 0.98 1.27 1.27 1.25 1.07 1.2 1.32 1.44 1.46 1.4 1.31 1.3 1.12 0.6 0.71 1.22 1.07 0.78 0.94 1.05 1.04 1.05 1.16 1.13 1.12 1.16 1.21 1.23 1.26 1.28 1.31 1.37 1.4 1.4 1.41 1.43 1.46 1.49 1.52 1.57 1.61 1.64 1.69 1.76 1.79 1.78 1.82 1.84 1.85 1.85 1.84 1.82 1.81 1.84 1.87 1.87 1.9 1.94 1.97 2.02
-9999 1.58 1.11 0.77 0.72 0.59 0.68 0.68 0.83 1.04 1.17 1.37 1.36 1.3 1.1 0.97 1.22 1.33 1.3 1.13 0.99 1.24 1.28 1.2 1.22 1.43 1.3 1.16 1.11 0.99 1.06 1.31 1.49 1.46 1.28 1.23 1.22 0.77 0.52 0.95 1.13 0.83 0.7 0.93 1.02 1.01 1.08 1.17 1.13 1.12 1.16 1.21 1.24 1.27 1.3 1.33 1.36 1.38 1.41 1.42 1.44 1.46 1.48 1.53 1.59 1.62 1.65 1.69 1.74 1.75 1.78 1.82 1.84 1.85 1.86 1.85 1.82 1.82 1.83 1.85 1.87 1.91 1.93 1.96 2.04
-9999 1.25 1.43 1.11 0.84 0.71 0.56 0.6 0.61 0.9 1.43 1.43 1.28 0.97 0.55 0.94 1.23 0.93 1.17 1.17 1.06 1.36 1.4 1.31 1.08 1.19 1.29 1.08 1.02 0.85 0.85 1.08 1.2 1.45 1.2 1.03 0.92 0.51 0.56 0.79 1.11 1.14 1.03 0.89 0.95 1.06 1.12 1.14 1.14 1.14 1.16 1.21 1.25 1.28 1.31 1.33 1.34 1.37 1.4 1.42 1.46 1.47 1.49 1.53 1.59 1.63 1.66 1.7 1.72 1.74 1.79 1.83 1.84 1.85 1.86 1.83 1.81 1.83 1.84 1.85 1.88 1.91 1.92 1.98 2.05
-9999 1.44 1.46 1.37 1.09 1 0.9 0.8 0.85 1.11 1.57 1.27 1.13 1.01 0.91 1.19 1.37 0.86 1.06 1.52 1.42 1.51 1.46 1.38 1.16 1.12 1.3 1.13 1.2 1.08 0.68 0.66 0.97 1.4 1.17 0.8 0.73 0.65 0.76 0.75 0.95 1.01 0.97 0.73 0.7 0.94 1.05 1.15 1.13 1.1 1.15 1.2 1.25 1.29 1.32 1.31 1.33 1.37 1.39 1.4 1.43 1.46 1.5 1.54 1.57 1.61 1.67 1.7 1.72 1.75 1.8 1.82 1.83 1.84 1.82 1.79 1.82 1.84 1.84 1.86 1.88 1.9 1.93 2.01 2.07
-9999 1.23 1.36 1.3 1.07 1.43 1.5 1.26 1.24 1.5 1.41 0.98 1.05 1.13 1.27 1.39 1.58 1.2 0.92 0.86 0.69 1.33 1.4 1.37 1.31 1.21 1.25 1.19 1.25 1.26 0.83 0.77 1.2 1.4 1.3 1.22 1.2 1.01 0.98 1.04 1.11 1.26 1.19 0.98 0.86 0.95 0.91 1.07 1.16 1.13 1.14 1.21 1.25 1.29 1.32 1.31 1.33 1.36 1.38 1.39 1.42 1.46 1.51 1.54 1.56 1.62 1.66 1.68 1.72 1.77 1.8 1.82 1.84 1.84 1.81 1.81 1.84 1.83 1.82 1.85 1.88 1.89 1.94 2.02 2.06
-9999 0.92 1.17 1.22 1.38 1.64 1.23 0.6 1.4 1.56 1.25 1.15 1.21 1.28 1.37 1.46 1.51 1.07 0.8 0.78 0.64 1.16 1.31 1.22 0.89 1 1.05 1.1 0.79 1.04 0.91 0.83 0.96 1.09 1.23 1.29 1.06 0.8 1.09 1.36 1.28 1.36 1.29 1.02 1 0.94 0.77 0.99 1.13 1.13 1.15 1.22 1.26 1.31 1.31 1.32 1.33 1.36 1.38 1.4 1.43 1.46 1.5 1.52 1.56 1.63 1.65 1.66 1.72 1.77 1.79 1.8 1.82 1.84 1.82 1.81 1.82 1.81 1.81 1.83 1.87 1.9 1.95 2 2.05
-9999 0.89 1.08 1.31 1.58 1.68 1.42 1.65 1.57 1.39 1.18 1.23 1.11 0.88 1.08 1.3 1.38 1.12 0.82 0.81 0.7 0.99 1.31 1.04 0.65 0.78 0.84 1.08 0.9 1.04 1.21 1.18 1.14 0.95 0.95 1.18 1.32 1.27 1.4 1.12 0.63 0.97 1.19 0.75 0.7 0.87 0.93 1.04 1.09 1.1 1.17 1.21 1.25 1.29 1.31 1.32 1.33 1.36 1.37 1.39 1.43 1.46 1.5 1.53 1.57 1.61 1.64 1.66 1.71 1.75 1.77 1.78 1.79 1.82 1.83 1.82 1.82 1.82 1.83 1.83 1.86 1.9 1.94 1.98 2.07
-9999 1.5 1.35 1.5 1.55 1.53 1.57 1.44 1.29 1.14 1.29 1.37 1.3 0.73 0.79 0.99 1.22 1.04 0.84 0.88 0.93 1.16 1.25 0.9 0.96 1.16 0.92 1.06 1.16 1.23 1.13 1.38 1.56 1.23 0.71 1.05 1.32 1.26 1.3 1.3 1.14 1.22 1.27 0.98 0.89 0.96 0.87 0.98 1.1 1.1 1.16 1.2 1.24 1.28 1.3 1.32 1.34 1.37 1.4 1.4 1.44 1.45 1.48 1.53 1.57 1.6 1.63 1.66 1.69 1.72 1.77 1.81 1.8 1.79 1.81 1.82 1.83 1.83 1.84 1.84 1.86 1.9 1.94 1.98 2.07
-9999 1.44 1.3 1.21 1.09 0.98 1.11 1.15 1 1.09 1.34 1.3 1.51 0.96 0.64 0.93 1.01 0.59 0.84 1.2 1.19 1.43 1.18 1.02 1.18 1.33 1.04 1.17 1.37 0.85 0.47 1.09 1.14 0.74 0.73 0.99 1.11 1.1 1.25 1.3 1 1.16 1.25 1.19 1.12 0.84 0.8 1.14 1.12 1.08 1.13 1.18 1.23 1.27 1.28 1.31 1.35 1.38 1.43 1.45 1.47 1.47 1.49 1.53 1.56 1.59 1.62 1.66 1.68 1.72 1.78 1.8 1.8 1.81 1.81 1.82 1.82 1.81 1.82 1.83 1.87 1.9 1.94 2 2.08
-9999 1.33 1.23 0.9 0.57 0.94 1.04 0.79 0.79 1.1 1.18 0.73 0.96 0.84 0.77 1.12 0.7 0.52 1.05 1.42 1.46 1.35 1.19 1.1 1.28 1.44 1.12 0.92 1.25 1.19 0.91 1.16 1.21 0.93 0.37 0.79 1.45 1.61 1.42 1.23 0.79 1.04 1.18 1.11 0.9 0.56 0.83 1.23 1.11 1.06 1.11 1.17 1.22 1.26 1.27 1.31 1.34 1.35 1.4 1.43 1.46 1.49 1.54 1.57 1.57 1.59 1.64 1.67 1.71 1.75 1.78 1.8 1.81 1.81 1.82 1.82 1.83 1.82 1.81 1.84 1.88 1.9 1.95 2 2.07
-9999 1.24 1.26 1.12 0.69 0.86 1.29 0.87 0.92 1.21 1.19 0.81 0.9 0.86 1.03 1.01 0.89 0.69 1.23 1.34 1.51 1.49 1.27 0.98 1.38 1.61 1.24 0.64 0.92 1.25 1.34 1.41 1.48 1.35 0.88 1.1 1.52 0.92 0.99 1.36 1.33 1.41 1.13 0.96 0.6 0.61 0.89 1.09 1.07 1.06 1.11 1.16 1.22 1.25 1.28 1.33 1.33 1.34 1.37 1.42 1.47 1.5 1.55 1.56 1.57 1.61 1.64 1.67 1.7 1.74 1.77 1.8 1.81 1.81 1.82 1.82 1.83 1.81 1.82 1.85 1.88 1.91 1.95 2 2.06
-9999 1.23 1.4 1.54 1.1 0.76 1.28 1.11 1.23 1.33 1.22 1.25 1.42 1.07 1.05 1.16 1.08 0.92 1.15 1.3 1.53 1.53 1.19 0.88 1.29 1.64 1.44 0.91 0.96 1.08 1.26 1.35 1.36 1.3 1.44 1.56 1.42 0.96 0.73 1.11 1.36 1.35 1.11 0.91 0.74 0.78 0.99 1.12 1.12 1.1 1.12 1.16 1.21 1.24 1.28 1.32 1.32 1.33 1.36 1.41 1.46 1.5 1.54 1.55 1.58 1.63 1.66 1.68 1.7 1.74 1.79 1.81 1.84 1.82 1.81 1.82 1.82 1.81 1.83 1.86 1.88 1.92 1.95 1.99 2.04
-9999 0.95 1.41 1.35 0.94 1.06 1.3 1.18 1.11 1.44 1.46 1.3 1.39 1.17 0.98 1.06 1.09 1.08 1.28 1.37 1.6 1.41 1.07 0.74 0.9 1.44 1.3 1.17 1.16 1.23 1.34 1.39 1.04 0.96 1.24 1.38 1.31 1.29 1.03 0.97 1.24 1.19 1.08 0.88 0.93 0.98 1.06 1.18 1.17 1.16 1.12 1.16 1.19 1.23 1.27 1.3 1.32 1.35 1.38 1.41 1.44 1.47 1.52 1.56 1.59 1.63 1.67 1.69 1.71 1.75 1.79 1.83 1.84 1.83 1.84 1.84 1.82 1.82 1.84 1.86 1.87 1.9 1.94 1.98 2.03
-9999 0.62 0.94 0.84 1.02 1.17 1.14 0.96 1.02 1.01 1.05 1.32 1.37 1.23 1.03 1.12 1.08 1.24 1.4 1.44 1.36 1.09 1.09 0.92 0.84 1.24 0.99 0.95 1.2 1.35 1.45 1.5 1.31 1.11 1.19 1.31 1.42 1.51 1.34 0.97 1.08 1.12 1.02 0.94 1.05 1.09 1.11 1.09 1.11 1.07 1.09 1.14 1.18 1.21 1.25 1.28 1.31 1.34 1.37 1.41 1.45 1.48 1.52 1.56 1.59 1.61 1.65 1.7 1.73 1.76 1.81 1.83 1.82 1.84 1.86 1.83 1.83 1.82 1.84 1.86 1.88 1.89 1.92 1.97 2.02
