alabeach.asc
ncols         102
nrows         104
xllcorner     619627
yllcorner     2354273
cellsize      1
NODATA_value  -9999
[rows 38 to 75 of 104, columns 0 to 84 of 102]
-9999 1 0.78 0.99 1.17 1.1 0.94 0.77 0.64 0.92 1.12 1.34 1.48 1.2 1.12 1.52 1.55 1.39 1.38 1.44 1.03 0.83 1.12 1.27 1.15 1.05 0.99 0.82 1.06 1.31 1.4 1.35 1.36 1.17 1.06 1.14 1.35 1.42 1.15 1.04 1.13 1.31 1.46 1.24 1.18 1.23 1.12 1.06 1.05 1.06 1.06 1.13 1.18 1.21 1.24 1.27 1.31 1.34 1.38 1.4 1.44 1.47 1.51 1.55 1.58 1.61 1.66 1.7 1.74 1.79 1.83 1.83 1.82 1.85 1.84 1.81 1.82 1.82 1.84 1.86 1.88 1.9 1.92 1.96 2
-9999 1.28 0.85 1.03 1.32 0.93 0.74 0.59 0.68 1.23 1.47 1.05 1.34 1.51 0.87 1.38 1.42 1.17 1.1 1.2 0.94 1.17 1.44 1.5 1.47 1.52 1.11 0.69 1.05 1.38 1.18 0.99 1.03 1.17 1.16 1.09 1.27 1.39 1.16 1.2 1.25 1.36 1.41 1.3 1.22 1.3 1.22 1.15 1.1 1.09 1.05 1.12 1.18 1.21 1.24 1.29 1.32 1.35 1.37 1.39 1.43 1.46 1.51 1.54 1.58 1.63 1.68 1.69 1.73 1.78 1.82 1.84 1.85 1.85 1.83 1.83 1.82 1.82 1.84 1.87 1.88 1.9 1.93 1.96 1.97
-9999 1.09 1.03 1.29 1.19 0.76 0.62 0.57 0.52 0.93 0.51 0.67 1.18 1.27 0.75 1.15 1.47 1.06 0.95 1.08 1.27 1.59 1.66 1.47 1.45 1.34 0.92 0.61 0.86 1.25 1.53 1.12 0.79 1.1 1.2 1.08 1.27 1.43 1.45 1.44 1.36 1.32 1.33 1.24 1.21 1.19 1.13 1.05 1.07 1.16 1.06 1.11 1.16 1.2 1.25 1.29 1.32 1.34 1.36 1.4 1.44 1.49 1.53 1.56 1.59 1.65 1.67 1.68 1.76 1.8 1.81 1.83 1.84 1.81 1.82 1.84 1.83 1.81 1.84 1.87 1.88 1.89 1.92 1.93 1.97
-9999 1.15 1.33 1.47 1.15 0.95 1.09 1.01 0.8 0.62 0.7 0.99 1.14 0.81 0.7 0.95 1.28 0.4 0.87 1.3 1.31 1.37 1.25 1.06 1 1.14 0.74 0.78 0.84 1.18 1.28 0.97 0.87 1.03 0.74 0.58 1.36 1.47 1.44 1.36 1.22 1.26 1.3 0.94 1.14 1.22 1.14 1.1 1.09 1.2 1.12 1.11 1.15 1.21 1.26 1.28 1.31 1.37 1.38 1.4 1.44 1.49 1.54 1.56 1.61 1.64 1.66 1.71 1.79 1.81 1.81 1.82 1.81 1.78 1.8 1.82 1.82 1.83 1.85 1.86 1.88 1.9 1.92 1.95 1.98
-9999 1.34 1.39 1.48 1.19 1.07 1.3 1.53 1.33 0.8 1.03 1.38 1.08 0.85 0.96 0.83 1.17 0.72 0.65 0.73 0.85 0.8 0.79 0.65 0.77 1.05 1.03 1.17 1.22 1.18 0.89 0.84 0.92 1.1 1.12 0.88 1.41 1.47 1.41 1.29 1.29 1.34 1.27 0.85 1.01 1.33 1.27 1.18 1.14 1.16 1.11 1.11 1.14 1.21 1.26 1.29 1.31 1.38 1.4 1.41 1.45 1.49 1.54 1.57 1.6 1.65 1.68 1.75 1.8 1.83 1.83 1.83 1.79 1.78 1.79 1.8 1.81 1.84 1.87 1.88 1.89 1.91 1.92 1.95 1.98
-9999 0.79 0.85 1.36 1.28 1.04 1.16 1.27 1.33 1.1 1.45 1.44 1.12 1.2 1.35 1.19 1.18 1.1 0.75 1.27 0.99 0.73 0.62 0.58 1.05 1.13 1.15 1.25 1.3 0.97 0.54 0.84 0.98 1.22 1.43 1.3 1.21 1.35 1.37 1.31 1.36 1.39 1.26 0.94 0.76 1.13 1.39 1.24 1.18 1.14 1.13 1.12 1.16 1.21 1.25 1.29 1.31 1.34 1.39 1.43 1.48 1.51 1.55 1.58 1.61 1.65 1.7 1.75 1.79 1.83 1.86 1.85 1.81 1.79 1.79 1.8 1.82 1.85 1.87 1.89 1.9 1.91 1.93 1.96 1.98
-9999 1.04 0.85 1 1.33 1.11 1.05 1.09 1.12 1.23 1.47 1.41 1.37 1.32 1.34 1.42 1.2 1.2 1.16 1.38 1.16 0.81 0.65 0.57 1.14 1.31 1.29 1.32 1.18 0.83 0.91 0.89 1.1 1.34 1.49 1.41 1.1 1.11 1.33 1.16 1.27 1.4 1.37 1.23 1.04 1.32 1.1 1.13 1.2 1.14 1.11 1.11 1.14 1.19 1.24 1.28 1.31 1.35 1.4 1.43 1.47 1.51 1.55 1.59 1.62 1.67 1.72 1.76 1.79 1.83 1.85 1.84 1.83 1.81 1.78 1.81 1.84 1.86 1.87 1.88 1.9 1.92 1.95 1.97 1.99
-9999 1.25 1.12 1.26 1.36 1.24 1.02 1.03 1 0.92 0.95 1.02 1.28 1.25 1.29 1.28 1.19 1.22 1.38 1.32 1.39 1.32 1 0.68 0.9 1.34 1.41 1.39 1.12 0.91 1.34 1.34 1.22 1.35 1.2 1.24 1.02 1.3 1.12 0.51 1.08 1.42 1.42 1.44 1.4 1.33 0.94 0.99 1.17 1.07 1.07 1.1 1.13 1.18 1.24 1.28 1.3 1.35 1.41 1.44 1.47 1.51 1.55 1.59 1.63 1.69 1.74 1.78 1.81 1.84 1.82 1.81 1.81 1.79 1.78 1.82 1.86 1.89 1.87 1.88 1.9 1.92 1.95 1.97 2
-9999 1.01 1.27 1.41 1.5 1.47 1.05 0.94 0.96 1.03 1.1 1.1 1.2 1.2 1.22 1.18 1.27 1.49 1.4 1.17 1.4 1.6 1.42 1.16 1.3 1.46 1.42 1.3 1.06 1.1 1.38 1.51 1.3 1.01 1.03 1.05 1.17 1.4 1.49 0.99 1.44 1.4 1.41 1.41 1.42 1.41 1.14 0.97 1.15 0.99 1.02 1.1 1.14 1.19 1.24 1.29 1.31 1.35 1.42 1.45 1.48 1.53 1.56 1.59 1.64 1.7 1.73 1.77 1.82 1.84 1.82 1.79 1.79 1.78 1.8 1.84 1.86 1.91 1.88 1.89 1.91 1.93 1.94 1.95 2.03
-9999 1.09 1.35 1.2 0.83 1.36 1.16 1.02 1.11 1.17 1.23 1.29 1.22 1.15 1.24 1.26 1.43 1.44 1.39 1.17 0.88 1 1.07 0.95 0.89 1.18 1.25 1.21 1.12 1.03 1.14 1.36 1.22 0.94 1.11 1.27 1.42 1.22 1.36 1.46 1.39 1.31 1.25 1.07 1.28 1.37 1.14 0.96 1.15 1.07 1.03 1.09 1.13 1.19 1.25 1.3 1.34 1.36 1.4 1.43 1.49 1.54 1.57 1.6 1.67 1.72 1.75 1.78 1.82 1.83 1.83 1.8 1.8 1.8 1.82 1.85 1.86 1.9 1.9 1.91 1.93 1.95 1.93 1.96 2.03
-9999 1.18 1.42 0.81 0.57 1.11 1.39 1.31 1.28 1.36 1.44 1.12 1.22 1.16 1.27 1.27 1.27 1.26 1.26 1.31 1.04 0.7 0.63 0.72 0.83 1.26 1.3 1.28 1.1 0.92 0.98 1.27 1.35 1.09 1.05 1.35 1.44 1.08 1.15 1.4 1.32 1.32 1.13 1.11 1.23 1.33 1.28 1.21 1.26 1.22 1.14 1.1 1.15 1.2 1.25 1.3 1.34 1.37 1.41 1.45 1.5 1.54 1.57 1.62 1.68 1.72 1.78 1.81 1.82 1.82 1.82 1.8 1.8 1.81 1.83 1.85 1.86 1.9 1.91 1.91 1.91 1.92 1.94 1.99 2.03
-9999 1.46 1.18 0.69 0.93 1.22 1.45 1.52 1.54 1.35 0.76 1.02 1.27 1.31 1.38 1.32 0.97 0.72 1.16 1.38 0.99 0.68 1.09 1.35 1.33 1.13 1.14 1.26 1.08 0.8 0.8 1.11 1.1 0.84 1.01 1 1.12 0.95 0.94 1.4 1.47 1.35 1.09 1.13 1.26 1.34 1.37 1.41 1.37 1.31 1.22 1.1 1.15 1.19 1.25 1.29 1.33 1.37 1.42 1.45 1.5 1.55 1.59 1.62 1.67 1.72 1.79 1.83 1.84 1.84 1.82 1.81 1.81 1.81 1.81 1.84 1.87 1.88 1.9 1.92 1.93 1.96 1.99 2.02 2.06
-9999 1.44 1.06 0.92 1.06 1.23 1.47 1.5 1.4 0.7 0.47 0.83 1.15 1.32 1.49 1.49 1.3 1.2 1.34 1.22 0.8 0.67 1.01 1.19 1.27 0.95 0.82 1.11 1.19 1 0.89 1.08 0.81 0.59 1.04 1.04 1 0.98 0.72 1.2 1.43 1.28 1.02 0.89 1.12 1.27 0.97 0.88 1.16 1.14 1.07 1.09 1.15 1.2 1.25 1.29 1.34 1.38 1.42 1.45 1.5 1.55 1.6 1.64 1.68 1.73 1.79 1.83 1.85 1.85 1.84 1.83 1.84 1.84 1.82 1.84 1.88 1.89 1.91 1.93 1.94 1.97 2 2.04 2.09
-9999 1.7 1.23 1.05 1.2 1.35 1.29 1.18 1.08 0.45 0.69 0.55 0.88 1.05 1.13 1.15 1.35 1.55 1.45 1.21 0.74 0.56 0.8 1.1 1.08 0.92 1.12 1.25 1.17 1.25 1.27 1.27 1.22 1.16 1.06 1 1.04 1.25 1.12 1.35 1.37 1.2 0.99 0.84 0.91 1.04 0.83 0.79 1.03 1.08 1.06 1.09 1.14 1.18 1.23 1.28 1.33 1.38 1.42 1.47 1.51 1.56 1.61 1.64 1.69 1.74 1.79 1.83 1.84 1.85 1.83 1.83 1.85 1.87 1.85 1.86 1.89 1.91 1.94 1.96 1.96 1.99 2.02 2.04 2.1
-9999 1.73 1.49 1.08 1.15 1.17 1.02 0.87 0.69 0.84 1.29 0.84 0.6 0.62 0.64 0.66 0.78 0.97 1.17 1.3 0.88 0.55 0.79 0.91 0.98 1.08 1.2 1.19 1.16 1.18 1.23 1.32 1.23 1.08 1.05 1.02 1.36 1.15 1.14 1.38 1.32 1.28 1.25 1.14 1.15 1.08 0.89 0.87 1.06 1.14 1.03 1.07 1.13 1.18 1.23 1.3 1.35 1.39 1.43 1.48 1.53 1.59 1.62 1.65 1.7 1.74 1.79 1.83 1.85 1.84 1.83 1.82 1.83 1.85 1.88 1.88 1.91 1.93 1.96 1.95 1.98 2.01 2.04 2.08 2.14
-9999 1.41 1.13 0.99 1.02 0.9 0.76 0.7 0.58 0.79 0.63 0.59 0.63 0.86 1.03 1.04 1.04 1.23 1.34 1.36 0.97 0.9 0.89 1.07 1.24 1.25 1.13 1.13 1.11 1.1 1.2 1.32 1.36 1.32 1.26 0.82 1.37 0.93 0.57 1.08 1.26 1.23 1.08 1.09 1.35 1.34 0.94 0.82 1.04 1.16 0.98 1.05 1.13 1.18 1.24 1.3 1.37 1.41 1.44 1.48 1.52 1.57 1.61 1.67 1.73 1.76 1.79 1.83 1.85 1.84 1.83 1.83 1.83 1.85 1.89 1.91 1.92 1.95 1.97 1.98 2 2.03 2.08 2.14 2.19
-9999 1.03 0.99 1.14 1.22 1.21 1.11 0.62 0.67 0.74 0.64 0.59 0.68 0.91 1.13 1.27 1.32 1.34 1.37 1.39 1.25 1.19 1.26 1.37 1.31 1.18 1.06 1.06 1.06 1.26 1.34 1.37 1.41 1.43 1.43 0.53 0.72 0.72 0.79 1.05 1.16 1.27 1.03 1.07 1.44 1.36 1.02 0.69 0.84 1.03 1.03 1.1 1.14 1.19 1.24 1.29 1.36 1.42 1.44 1.49 1.54 1.57 1.62 1.68 1.73 1.76 1.8 1.83 1.86 1.86 1.85 1.83 1.83 1.84 1.88 1.93 1.93 1.95 1.98 2.02 2.04 2.06 2.14 2.21 2.27
-9999 1.15 1.14 1.29 1.45 1.36 0.85 0.71 0.79 0.87 0.81 0.6 0.73 0.92 1.11 1.28 1.26 1.21 1.24 1.31 1.52 1.53 1.49 1.37 1.24 1.12 0.99 1.14 1.3 1.45 1.53 1.45 1.27 1.08 1.41 0.85 0.53 0.71 0.97 1.22 1.32 1.43 1.26 0.98 1.33 1.21 0.93 0.57 0.74 1.04 1.06 1.1 1.12 1.19 1.25 1.31 1.37 1.41 1.45 1.5 1.55 1.59 1.63 1.68 1.72 1.78 1.82 1.84 1.86 1.87 1.86 1.83 1.85 1.86 1.86 1.93 1.96 1.98 2.02 2.06 2.07 2.12 2.2 2.25 2.32
-9999 1.26 1.29 1.44 1.38 1.26 0.82 0.84 0.91 0.99 1.07 0.75 0.8 0.99 1.19 1.33 1.32 1.24 1.16 1.3 1.58 1.54 1.44 1.3 1.16 1.03 0.98 1.15 1.35 1.5 1.43 1.31 1.17 1.16 1.47 1.19 0.57 0.79 1.06 1.34 1.47 1.38 1.34 0.92 1.01 1.07 0.81 0.79 1.06 1.06 1.07 1.1 1.12 1.19 1.26 1.32 1.37 1.41 1.45 1.5 1.55 1.6 1.64 1.68 1.72 1.79 1.84 1.85 1.87 1.88 1.86 1.85 1.87 1.91 1.92 1.96 1.99 2.02 2.08 2.1 2.09 2.16 2.23 2.27 2.37
-9999 1.38 1.42 1.3 1.18 1.05 1.04 1.03 1.09 1.15 1.2 1.08 1 1.2 1.39 1.4 1.42 1.45 1.34 1.41 1.48 1.47 1.37 1.22 1.08 0.97 0.97 1.08 1.3 1.31 1.08 1.28 1.09 1.22 1.38 1.38 1.03 0.84 1.01 1.19 1.24 1.22 1.3 1.09 1.02 1.01 1.02 1.03 1.04 1.05 1.06 1.11 1.16 1.21 1.28 1.33 1.37 1.43 1.48 1.51 1.56 1.61 1.65 1.68 1.73 1.8 1.85 1.86 1.88 1.88 1.85 1.87 1.88 1.93 1.96 1.98 2 2.05 2.09 2.09 2.12 2.16 2.24 2.31 2.4
-9999 0.98 1.16 1.02 0.98 1.03 1.08 1.08 0.87 0.84 0.9 1.32 1.2 1.4 1.47 1.47 1.5 1.47 1.42 1.41 1.23 1.2 1.35 1.2 1.03 0.68 0.56 0.94 1.14 0.78 0.87 1.11 0.94 0.99 1.43 1.4 1.29 0.92 0.88 0.98 1.08 1.15 1.23 1.12 0.92 1.09 1.19 1.15 1.07 1.04 1.08 1.11 1.15 1.22 1.3 1.34 1.38 1.44 1.49 1.52 1.58 1.62 1.65 1.69 1.75 1.8 1.84 1.88 1.88 1.88 1.83 1.85 1.89 1.92 1.95 1.99 2.03 2.07 2.12 2.15 2.17 2.25 2.33 2.37 2.43
-9999 0.53 0.83 0.95 0.99 1.03 1.07 1.12 0.97 0.69 0.85 1.13 1.51 1.56 1.52 1.54 1.49 1.41 1.35 1 0.81 1.04 1.28 1.19 0.99 0.8 0.72 1.03 0.65 0.42 0.66 0.89 0.81 1.13 1.4 1.28 1.32 1.09 0.85 1.01 1.17 1.13 1.2 1.07 0.84 0.96 1.02 0.98 0.84 0.96 1.04 1.1 1.14 1.21 1.28 1.36 1.4 1.44 1.48 1.53 1.59 1.63 1.66 1.7 1.75 1.8 1.84 1.89 1.87 1.88 1.83 1.83 1.88 1.93 1.97 2.02 2.06 2.11 2.17 2.21 2.23 2.29 2.34 2.41 2.47
-9999 0.53 0.83 0.81 1.06 1.27 1.31 1.36 1.14 0.81 1.06 1.32 1.55 1.6 1.59 1.51 1.42 1.33 1.25 0.86 0.69 0.87 1.11 1.15 1 1.11 0.98 1.01 1.14 1.01 1 1.04 1.03 1.22 1.45 1.18 1.23 1.27 0.97 1.12 1.26 1.28 1.14 1.06 0.87 0.56 0.46 0.7 0.78 0.9 0.99 1.09 1.16 1.22 1.27 1.35 1.41 1.45 1.49 1.54 1.59 1.63 1.68 1.72 1.76 1.81 1.85 1.89 1.88 1.87 1.85 1.86 1.89 1.95 2.01 2.06 2.1 2.16 2.21 2.26 2.28 2.32 2.33 2.42 2.51
-9999 0.58 0.83 0.87 0.81 1.05 1.3 1.54 1.49 1 1.22 1.37 1.45 1.49 1.5 1.41 1.32 1.24 1.18 1.09 0.98 0.97 1.1 1.1 0.7 0.92 1.13 1.05 0.93 1.14 1.37 1.41 1.4 1.43 1.49 1.49 1.42 1.35 1.11 1.22 1.28 0.67 0.84 1.26 1.13 0.75 1.01 1.23 1.08 1.06 1.08 1.13 1.18 1.22 1.27 1.34 1.41 1.46 1.5 1.55 1.6 1.64 1.7 1.74 1.78 1.84 1.87 1.9 1.88 1.87 1.88 1.89 1.92 1.97 2.04 2.11 2.14 2.17 2.22 2.26 2.3 2.35 2.38 2.43 2.5
-9999 0.65 0.83 0.93 0.77 0.81 1.05 1.29 1.15 1.02 1.19 1.27 1.34 1.37 1.37 1.31 1.22 1.16 1 1.22 1.14 1.13 1.18 1.25 0.87 0.55 0.82 0.84 0.86 0.99 1.38 1.52 1.59 1.53 1.45 1.36 1.35 1.33 1.29 1.35 1.22 0.76 0.54 0.95 1.11 1.03 1.15 1.21 1.13 1.05 1.05 1.12 1.17 1.21 1.27 1.34 1.42 1.47 1.51 1.56 1.62 1.66 1.7 1.75 1.81 1.87 1.89 1.9 1.88 1.88 1.89 1.89 1.93 1.97 2.06 2.14 2.16 2.22 2.27 2.31 2.35 2.39 2.41 2.47 2.57
-9999 0.72 0.83 0.99 0.83 0.67 0.81 0.87 0.55 0.69 1.08 1.17 1.23 1.23 1.23 1.21 1.13 0.91 0.94 1.24 1.31 1.31 1.36 1.17 0.63 0.43 0.49 0.88 1.34 1.47 1.17 1.37 1.56 1.35 1.34 1.17 1.13 1.04 1.17 1.45 1.31 1.12 0.82 0.97 1.02 0.92 0.93 1.03 1.12 1.04 1.08 1.15 1.18 1.22 1.29 1.37 1.45 1.48 1.51 1.55 1.62 1.66 1.71 1.76 1.84 1.88 1.9 1.89 1.88 1.88 1.87 1.89 1.94 2.01 2.1 2.14 2.19 2.26 2.3 2.33 2.38 2.41 2.43 2.5 2.61
-9999 0.79 0.9 1.05 0.89 0.73 0.58 0.81 1.05 1.11 0.95 1.08 1.1 1.1 1.1 1.1 0.83 0.66 0.96 1.25 1.47 1.45 1.16 1.02 0.47 0.41 0.5 0.71 1.42 1.15 0.87 0.75 0.95 1.13 1.25 1.12 1.04 0.69 0.62 1.41 1.41 1.26 1.09 0.98 0.88 0.64 0.59 0.71 0.87 1.03 1.13 1.15 1.18 1.25 1.31 1.37 1.43 1.46 1.54 1.58 1.62 1.67 1.71 1.78 1.85 1.88 1.89 1.9 1.86 1.86 1.86 1.9 1.96 2.04 2.1 2.14 2.22 2.28 2.31 2.34 2.39 2.44 2.49 2.54 2.64
-9999 0.86 0.97 1.11 0.95 1.11 1.45 1.39 1.38 1.23 1.04 1.01 1.04 1.05 1.15 0.9 0.51 0.67 0.97 1.27 1.45 1.19 1.02 0.87 0.71 0.49 0.52 0.69 0.93 0.81 0.78 0.76 0.88 1.18 1.19 1.13 1.14 0.95 0.81 1.33 1.41 1.36 0.83 0.78 0.72 0.53 0.39 0.62 0.83 1.02 1.13 1.16 1.2 1.26 1.33 1.38 1.42 1.48 1.56 1.6 1.65 1.69 1.75 1.82 1.86 1.88 1.88 1.89 1.84 1.84 1.86 1.94 2.02 2.09 2.11 2.19 2.27 2.3 2.34 2.38 2.42 2.47 2.52 2.59 2.67
-9999 0.94 1.05 1.12 1.24 1.37 1.28 1.15 1.29 1.25 1.14 0.96 1.01 1.13 1.09 0.69 0.56 0.95 1.14 1.33 1.01 0.73 0.71 0.73 0.77 0.67 0.54 0.74 0.99 1.11 1.04 1.03 1.15 1.26 1.03 0.92 1.03 1.18 1.21 1.17 1.18 1.34 0.81 1.2 1.31 0.92 0.54 0.63 0.89 1.11 1.13 1.15 1.21 1.26 1.33 1.38 1.44 1.5 1.55 1.6 1.66 1.71 1.79 1.85 1.87 1.87 1.86 1.87 1.88 1.88 1.94 2 2.08 2.12 2.15 2.24 2.28 2.31 2.37 2.41 2.45 2.49 2.53 2.58 2.65
-9999 1.04 1 0.96 1.02 1.15 1.04 0.94 1.13 1.22 1.12 1.01 1.11 1.29 0.99 0.87 0.74 1.15 1.29 1.28 0.96 0.62 0.62 0.64 0.67 0.7 0.71 0.94 1.16 1.39 1.21 1.3 1.31 1.22 1.02 1.1 1.28 1.29 1.19 1.19 1.04 1.19 1.02 1.22 1.44 1.4 1.06 0.72 0.97 1.09 1.13 1.19 1.25 1.29 1.35 1.4 1.45 1.51 1.56 1.59 1.66 1.74 1.83 1.86 1.87 1.87 1.86 1.86 1.87 1.89 1.91 2.01 2.09 2.14 2.2 2.26 2.29 2.34 2.4 2.43 2.47 2.52 2.59 2.62 2.63
-9999 0.89 0.75 0.8 0.85 0.93 0.8 0.78 0.97 1.17 1.09 1.08 1.28 1.3 1.17 1.05 0.92 1.17 1.33 1.14 0.96 0.64 0.59 0.55 0.57 0.65 1.08 1.35 1.5 1.47 1.43 1.32 1.21 1.09 1.1 1.24 1.35 1.39 1.3 1.21 1.24 1.28 1.2 0.98 1.06 1.39 1.19 0.87 1.01 1.09 1.15 1.21 1.26 1.3 1.35 1.42 1.48 1.52 1.58 1.6 1.67 1.77 1.84 1.87 1.87 1.88 1.87 1.84 1.84 1.86 1.95 2.05 2.12 2.16 2.22 2.27 2.31 2.35 2.39 2.43 2.5 2.57 2.65 2.68 2.68
-9999 0.56 0.59 0.64 0.75 0.81 0.56 0.62 0.82 1.01 1.07 1.14 1.1 1.11 1.22 1.21 1.09 1.22 1.21 1.02 0.83 0.67 0.61 0.55 0.5 1.06 1.6 1.53 1.34 1.21 1.17 0.93 0.8 0.7 0.87 1.05 1.24 1.39 0.84 1.15 1.37 1.37 1.34 0.81 0.99 1.34 1.22 0.94 1.04 1.13 1.18 1.23 1.28 1.32 1.36 1.44 1.51 1.52 1.58 1.62 1.7 1.78 1.86 1.86 1.87 1.89 1.87 1.83 1.85 1.9 2 2.06 2.13 2.19 2.23 2.26 2.3 2.36 2.4 2.49 2.57 2.62 2.68 2.72 2.74
-9999 0.52 0.77 1.02 1.03 0.91 0.7 0.64 0.81 0.99 1 0.92 0.88 0.85 0.96 1.07 1.18 1.29 1.19 1 0.76 0.66 0.72 0.75 0.92 1.22 1.27 1.08 0.96 0.99 0.98 0.69 0.86 0.79 0.72 1 1.19 1.38 0.75 1.13 1.31 1.15 1.07 0.71 0.93 1.2 0.97 0.92 1.02 1.11 1.18 1.25 1.3 1.34 1.39 1.45 1.49 1.52 1.59 1.66 1.73 1.78 1.84 1.85 1.87 1.89 1.87 1.84 1.84 1.93 2.01 2.07 2.13 2.21 2.24 2.26 2.3 2.36 2.42 2.52 2.58 2.63 2.71 2.75 2.79
-9999 1.03 1.28 1.25 1.13 1 0.88 0.72 0.9 1.02 0.9 0.79 0.67 0.62 0.7 0.81 1.07 1.33 1.18 0.9 0.6 0.62 0.68 0.74 0.73 0.71 0.71 0.71 0.74 0.78 0.78 1.11 1.16 0.99 0.83 0.7 0.98 1.27 1.09 1.03 1.35 0.92 0.69 0.74 0.87 1.05 1.05 0.93 1.03 1.14 1.2 1.27 1.31 1.35 1.41 1.45 1.47 1.53 1.6 1.68 1.74 1.78 1.82 1.85 1.88 1.87 1.87 1.85 2.03 2.26 2.12 2.07 2.13 2.19 2.25 2.27 2.33 2.4 2.45 2.51 2.57 2.61 2.67 2.72 2.74
-9999 1.54 1.47 1.35 1.22 1.1 0.97 0.8 0.98 0.92 0.8 0.68 0.57 0.45 0.59 0.86 1.13 1.33 1.04 0.74 0.51 0.58 0.64 0.69 0.68 0.67 0.67 0.62 0.69 0.97 0.87 1.41 1.31 1.19 1.04 0.88 0.71 1.03 1.14 1.09 1.28 1.03 0.69 0.7 0.92 1.02 1.02 0.91 1.08 1.18 1.24 1.31 1.36 1.37 1.42 1.46 1.49 1.54 1.61 1.68 1.75 1.78 1.81 1.86 1.88 1.86 1.85 1.86 2.05 2.16 2.04 2.09 2.15 2.21 2.25 2.28 2.33 2.37 2.4 2.49 2.56 2.6 2.65 2.7 2.72
-9999 1.55 1.57 1.44 1.32 1.19 1.07 0.93 0.93 0.82 0.74 0.68 0.63 0.66 0.86 1.13 1.31 1.09 0.87 0.58 0.48 0.53 0.58 0.62 0.65 0.69 0.68 0.78 1.15 1.3 1.07 1.07 1 0.88 0.76 0.73 0.79 0.76 1.26 1.34 1.13 0.86 0.66 0.59 0.81 0.67 0.58 0.75 1.12 1.21 1.28 1.35 1.39 1.39 1.42 1.46 1.5 1.55 1.63 1.68 1.74 1.77 1.8 1.85 1.87 1.86 1.83 1.87 1.93 1.99 2.06 2.11 2.17 2.21 2.25 2.29 2.33 2.36 2.38 2.42 2.52 2.61 2.66 2.7 2.71
-9999 1.45 1.53 1.54 1.42 1.29 1.16 1.04 0.97 0.92 0.86 0.8 0.83 0.91 1.12 1.3 1.08 0.86 0.64 0.41 0.44 0.52 0.6 0.68 0.71 0.74 0.77 0.74 0.77 0.91 0.97 0.94 0.7 0.77 0.83 0.9 0.7 0.48 1.09 1.26 0.79 0.73 0.66 0.52 0.7 0.88 0.77 0.95 1.16 1.24 1.28 1.33 1.38 1.4 1.43 1.46 1.5 1.55 1.62 1.68 1.72 1.74 1.79 1.84 1.86 1.87 1.86 1.86 1.93 2 2.07 2.14 2.2 2.22 2.25 2.29 2.32 2.36 2.38 2.44 2.54 2.66 2.72 2.74 2.72
-9999 1.34 1.42 1.51 1.52 1.39 1.27 1.14 1.09 1.04 0.98 1 1.08 1.16 1.29 1.07 0.91 0.84 0.77 0.69 0.62 0.7 0.78 0.9 0.93 0.95 0.98 0.96 0.9 0.82 1.02 1.23 1.08 1.05 1.04 0.98 0.75 0.52 0.93 1.07 0.83 0.81 1.02 0.59 0.75 0.9 0.96 1.06 1.2 1.25 1.27 1.32 1.36 1.41 1.44 1.48 1.54 1.58 1.63 1.69 1.73 1.75 1.78 1.83 1.86 1.88 1.87 1.9 1.98 2.02 2.09 2.16 2.2 2.22 2.27 2.3 2.32 2.35 2.4 2.46 2.57 2.69 2.73 2.76 2.75
